depth_min:-0.0223507
depth_max:0.0152042
depth_map_range:0.0447015
depth_midpoint:0.5
