depth_min:-0.0128224
depth_max:0.0157837
depth_map_range:0.0315674
depth_midpoint:0.5
